15,PA3-H-Unknown-Output.txt,0
  -12.977   -6.091   -47.706   -12.977   -6.091   -47.706   0.000
  -10.121   -3.134   -44.609   -10.121   -3.134   -44.609   0.000
  27.651   2.384   -30.494   27.651   2.384   -30.494   0.000
  -5.383   -6.112   -42.017   -5.383   -6.112   -42.017   0.000
  24.551   11.926   -31.016   24.551   11.926   -31.016   0.000
  -20.022   -5.170   -48.656   -20.022   -5.170   -48.656   0.000
  -9.494   -9.525   -46.753   -9.494   -9.525   -46.753   0.000
  -12.977   -6.091   -47.706   -12.977   -6.091   -47.706   0.000
  -23.783   -9.690   -49.930   -23.783   -9.690   -49.930   0.000
  -23.783   -9.690   -49.930   -23.783   -9.690   -49.930   0.000
  -21.889   -11.330   -49.630   -21.889   -11.330   -49.630   0.000
  -20.397   -12.622   -49.395   -20.397   -12.622   -49.395   0.000
  19.645   16.185   -31.222   19.645   16.185   -31.222   0.000
  -23.783   -9.690   -49.930   -23.783   -9.690   -49.930   0.000
  24.551   11.926   -31.016   24.551   11.926   -31.016   0.000