15,PA3-D-Output.txt,0
  19.797   15.482   -31.243   19.797   15.482   -31.243   0.000
  -23.783   -9.690   -49.930   -23.783   -9.690   -49.930   0.000
  -24.669   -9.538   -49.528   -24.669   -9.538   -49.528   0.000
  -20.022   -5.170   -48.656   -20.022   -5.170   -48.656   0.000
  19.645   16.185   -31.222   19.645   16.185   -31.222   0.000
  -20.022   -5.170   -48.656   -20.022   -5.170   -48.656   0.000
  -14.767   -13.202   -48.545   -14.767   -13.202   -48.545   0.000
  -16.580   -0.055   -46.590   -16.580   -0.055   -46.590   0.000
  13.806   19.010   -30.800   13.806   19.010   -30.800   0.000
  -20.188   -10.598   -49.519   -20.188   -10.598   -49.519   0.000
  -13.034   1.802   -43.710   -13.034   1.802   -43.710   0.000
  24.551   11.926   -31.016   24.551   11.926   -31.016   0.000
  -23.783   -9.690   -49.930   -23.783   -9.690   -49.930   0.000
  -16.318   -0.235   -46.594   -16.318   -0.235   -46.594   0.000
  -20.265   -11.351   -49.473   -20.265   -11.351   -49.473   0.000