15,PA3-E-Output.txt,0
  -23.783   -9.690   -49.930   -23.783   -9.690   -49.930   0.000
  19.628   16.232   -31.201   19.628   16.232   -31.201   0.000
  15.530   19.061   -31.255   15.530   19.061   -31.255   0.000
  27.651   2.384   -30.494   27.651   2.384   -30.494   0.000
  27.651   2.384   -30.494   27.651   2.384   -30.494   0.000
  -15.800   -10.141   -48.594   -15.800   -10.141   -48.594   0.000
  -20.022   -5.170   -48.656   -20.022   -5.170   -48.656   0.000
  -4.138   -9.093   -41.344   -4.138   -9.093   -41.344   0.000
  -23.783   -9.690   -49.930   -23.783   -9.690   -49.930   0.000
  -20.022   -5.170   -48.656   -20.022   -5.170   -48.656   0.000
  -10.305   -6.504   -46.747   -10.305   -6.504   -46.747   0.000
  -12.452   -3.371   -46.667   -12.452   -3.371   -46.667   0.000
  27.663   8.859   -30.323   27.663   8.859   -30.323   0.000
  -23.783   -9.690   -49.930   -23.783   -9.690   -49.930   0.000
  -20.022   -5.170   -48.656   -20.022   -5.170   -48.656   0.000