15,PA3-B-Output.txt,0
  -14.767   -13.202   -48.545   -14.767   -13.202   -48.545   0.000
  19.645   16.185   -31.222   19.645   16.185   -31.222   0.000
  -12.977   -6.091   -47.706   -12.977   -6.091   -47.706   0.000
  -14.567   -12.798   -48.466   -14.567   -12.798   -48.466   0.000
  27.651   2.384   -30.494   27.651   2.384   -30.494   0.000
  -8.958   -8.302   -46.021   -8.958   -8.302   -46.021   0.000
  -9.494   -9.525   -46.753   -9.494   -9.525   -46.753   0.000
  -20.397   -12.622   -49.395   -20.397   -12.622   -49.395   0.000
  -23.783   -9.690   -49.930   -23.783   -9.690   -49.930   0.000
  -20.397   -12.622   -49.395   -20.397   -12.622   -49.395   0.000
  27.651   2.384   -30.494   27.651   2.384   -30.494   0.000
  15.530   19.061   -31.255   15.530   19.061   -31.255   0.000
  -23.783   -9.690   -49.930   -23.783   -9.690   -49.930   0.000
  -23.783   -9.690   -49.930   -23.783   -9.690   -49.930   0.000
  -23.783   -9.690   -49.930   -23.783   -9.690   -49.930   0.000