15,PA3-J-Unknown--Output.txt,0
  -23.783   -9.690   -49.930   -23.783   -9.690   -49.930   0.000
  -23.783   -9.690   -49.930   -23.783   -9.690   -49.930   0.000
  -14.767   -13.202   -48.545   -14.767   -13.202   -48.545   0.000
  -10.089   -7.311   -46.749   -10.089   -7.311   -46.749   0.000
  27.663   8.859   -30.323   27.663   8.859   -30.323   0.000
  -6.082   -12.733   -43.349   -6.082   -12.733   -43.349   0.000
  -9.645   -9.523   -46.800   -9.645   -9.523   -46.800   0.000
  -23.783   -9.690   -49.930   -23.783   -9.690   -49.930   0.000
  -23.783   -9.690   -49.930   -23.783   -9.690   -49.930   0.000
  -20.397   -12.622   -49.395   -20.397   -12.622   -49.395   0.000
  -12.977   -6.091   -47.706   -12.977   -6.091   -47.706   0.000
  -18.956   -19.265   -47.179   -18.956   -19.265   -47.179   0.000
  15.530   19.061   -31.255   15.530   19.061   -31.255   0.000
  -23.783   -9.690   -49.930   -23.783   -9.690   -49.930   0.000
  -15.494   -2.082   -47.107   -15.494   -2.082   -47.107   0.000