15,PA3-A-Output.txt,0
  -14.767   -13.202   -48.545   -14.767   -13.202   -48.545   0.000
  -20.196   -15.304   -48.556   -20.196   -15.304   -48.556   0.000
  24.551   11.926   -31.016   24.551   11.926   -31.016   0.000
  -12.554   -3.221   -46.663   -12.554   -3.221   -46.663   0.000
  15.530   19.061   -31.255   15.530   19.061   -31.255   0.000
  27.663   8.859   -30.323   27.663   8.859   -30.323   0.000
  -23.783   -9.690   -49.930   -23.783   -9.690   -49.930   0.000
  -12.977   -6.091   -47.706   -12.977   -6.091   -47.706   0.000
  -22.328   -10.950   -49.700   -22.328   -10.950   -49.700   0.000
  -13.696   -11.041   -48.124   -13.696   -11.041   -48.124   0.000
  21.217   12.180   -31.281   21.217   12.180   -31.281   0.000
  -23.783   -9.690   -49.930   -23.783   -9.690   -49.930   0.000
  -10.819   -9.512   -47.165   -10.819   -9.512   -47.165   0.000
  24.551   11.926   -31.016   24.551   11.926   -31.016   0.000
  -10.305   -6.504   -46.747   -10.305   -6.504   -46.747   0.000