15,PA3-C-Output.txt,0
  -9.482   1.035   -41.921   -9.482   1.035   -41.921   0.000
  -20.188   -10.598   -49.519   -20.188   -10.598   -49.519   0.000
  -23.783   -9.690   -49.930   -23.783   -9.690   -49.930   0.000
  -23.783   -9.690   -49.930   -23.783   -9.690   -49.930   0.000
  -23.783   -9.690   -49.930   -23.783   -9.690   -49.930   0.000
  -23.783   -9.690   -49.930   -23.783   -9.690   -49.930   0.000
  -16.390   -10.203   -48.718   -16.390   -10.203   -48.718   0.000
  -23.945   -2.099   -47.682   -23.945   -2.099   -47.682   0.000
  15.729   18.576   -31.223   15.729   18.576   -31.223   0.000
  27.651   2.384   -30.494   27.651   2.384   -30.494   0.000
  -23.783   -9.690   -49.930   -23.783   -9.690   -49.930   0.000
  15.530   19.061   -31.255   15.530   19.061   -31.255   0.000
  -16.580   -0.055   -46.590   -16.580   -0.055   -46.590   0.000
  -20.657   -10.479   -49.573   -20.657   -10.479   -49.573   0.000
  -23.783   -9.690   -49.930   -23.783   -9.690   -49.930   0.000