15,PA3-G-Unknown-Output.txt,0
  -12.965   -6.915   -47.734   -12.965   -6.915   -47.734   0.000
  -22.598   -10.716   -49.743   -22.598   -10.716   -49.743   0.000
  -14.793   -13.124   -48.546   -14.793   -13.124   -48.546   0.000
  -16.630   -1.900   -47.324   -16.630   -1.900   -47.324   0.000
  24.551   11.926   -31.016   24.551   11.926   -31.016   0.000
  -23.982   -0.238   -46.865   -23.982   -0.238   -46.865   0.000
  -13.069   -2.470   -46.644   -13.069   -2.470   -46.644   0.000
  -12.977   -6.091   -47.706   -12.977   -6.091   -47.706   0.000
  -20.022   -5.170   -48.656   -20.022   -5.170   -48.656   0.000
  -3.983   -5.417   -39.923   -3.983   -5.417   -39.923   0.000
  -9.494   -9.525   -46.753   -9.494   -9.525   -46.753   0.000
  -23.783   -9.690   -49.930   -23.783   -9.690   -49.930   0.000
  -23.783   -9.690   -49.930   -23.783   -9.690   -49.930   0.000
  -23.783   -9.690   -49.930   -23.783   -9.690   -49.930   0.000
  -21.125   -10.361   -49.626   -21.125   -10.361   -49.626   0.000