15,PA3-F-Output.txt,0
  19.645   16.185   -31.222   19.645   16.185   -31.222   0.000
  -16.580   -0.055   -46.590   -16.580   -0.055   -46.590   0.000
  -20.022   -5.170   -48.656   -20.022   -5.170   -48.656   0.000
  15.344   19.055   -31.206   15.344   19.055   -31.206   0.000
  27.651   2.384   -30.494   27.651   2.384   -30.494   0.000
  -13.128   4.836   -41.469   -13.128   4.836   -41.469   0.000
  -23.945   -2.099   -47.682   -23.945   -2.099   -47.682   0.000
  -16.580   -0.055   -46.590   -16.580   -0.055   -46.590   0.000
  -23.783   -9.690   -49.930   -23.783   -9.690   -49.930   0.000
  27.651   2.384   -30.494   27.651   2.384   -30.494   0.000
  -14.187   -1.701   -46.627   -14.187   -1.701   -46.627   0.000
  -14.001   0.796   -44.871   -14.001   0.796   -44.871   0.000
  -9.494   -9.525   -46.753   -9.494   -9.525   -46.753   0.000
  -17.219   -10.289   -48.893   -17.219   -10.289   -48.893   0.000
  -13.128   4.836   -41.469   -13.128   4.836   -41.469   0.000