75,PA4-G-Unknown-Output.txt,0
  30.125   -16.596   -25.901   30.125   -16.596   -25.901   0.000
  40.226   -22.065   -26.121   40.226   -22.065   -26.121   0.000
  49.636   20.889   -34.332   49.636   20.889   -34.332   0.000
  5.353   -5.713   -31.264   5.353   -5.713   -31.264   0.000
  7.479   23.991   -15.535   7.479   23.991   -15.535   0.000
  -25.630   -31.966   -54.686   -25.630   -31.966   -54.686   0.000
  -38.122   -5.915   -46.343   -38.122   -5.915   -46.343   0.000
  15.914   31.178   -41.251   15.914   31.178   -41.251   0.000
  28.658   -10.815   -46.062   28.658   -10.815   -46.062   0.000
  4.122   27.480   -11.859   4.122   27.480   -11.859   0.000
  52.953   3.768   -13.236   52.953   3.768   -13.236   0.000
  58.114   -12.024   -33.565   58.114   -12.024   -33.565   0.000
  -14.226   -22.209   -30.319   -14.226   -22.209   -30.319   0.000
  -12.105   -21.544   -51.097   -12.105   -21.544   -51.097   0.000
  -13.689   -22.988   -53.351   -13.689   -22.988   -53.351   0.000
  23.173   15.519   -28.102   23.173   15.519   -28.102   0.000
  33.050   3.868   -53.060   33.050   3.868   -53.060   0.000
  -33.304   -0.640   -39.610   -33.304   -0.640   -39.610   0.000
  50.090   -20.146   -33.541   50.090   -20.146   -33.541   0.000
  -8.804   8.745   -21.019   -8.804   8.745   -21.019   0.000
  -29.904   -33.516   -55.114   -29.904   -33.516   -55.114   0.000
  -18.593   32.927   -47.226   -18.593   32.927   -47.226   0.000
  -4.879   0.678   -29.594   -4.879   0.678   -29.594   0.000
  -7.915   -4.036   -28.486   -7.915   -4.036   -28.486   0.000
  -39.107   -12.696   -74.558   -39.107   -12.696   -74.558   0.000
  10.925   15.872   -55.152   10.925   15.872   -55.152   0.000
  36.789   -21.167   -27.203   36.789   -21.167   -27.203   0.000
  -22.570   -22.111   -32.687   -22.570   -22.111   -32.687   0.000
  41.539   18.510   -44.654   41.539   18.510   -44.654   0.000
  14.718   32.206   -44.072   14.718   32.206   -44.072   0.000
  -31.834   0.317   -40.512   -31.834   0.317   -40.512   0.000
  -12.659   -14.067   -66.003   -12.659   -14.067   -66.003   0.000
  -32.881   -38.849   -61.665   -32.881   -38.849   -61.665   0.000
  27.916   15.285   -25.268   27.916   15.285   -25.268   0.000
  12.964   -7.518   -49.218   12.964   -7.518   -49.218   0.000
  19.069   21.574   -47.416   19.069   21.574   -47.416   0.000
  -49.343   -25.914   -63.936   -49.343   -25.914   -63.936   0.000
  -26.490   -15.304   -38.663   -26.490   -15.304   -38.663   0.000
  31.387   -17.249   -23.867   31.387   -17.249   -23.867   0.000
  8.446   28.710   -13.094   8.446   28.710   -13.094   0.000
  -33.874   -17.632   -78.184   -33.874   -17.632   -78.184   0.000
  37.618   -5.552   -10.864   37.618   -5.552   -10.864   0.000
  52.842   7.887   -15.238   52.842   7.887   -15.238   0.000
  -10.325   8.938   -59.586   -10.325   8.938   -59.586   0.000
  -18.867   27.231   -55.403   -18.867   27.231   -55.403   0.000
  9.382   30.162   -25.427   9.382   30.162   -25.427   0.000
  -30.505   7.795   -54.441   -30.505   7.795   -54.441   0.000
  -23.025   -11.930   -33.570   -23.025   -11.930   -33.570   0.000
  40.173   13.610   -13.568   40.173   13.610   -13.568   0.000
  -7.678   -9.992   -31.372   -7.678   -9.992   -31.372   0.000
  -37.301   -11.941   -73.582   -37.301   -11.941   -73.582   0.000
  -5.472   39.457   -44.263   -5.472   39.457   -44.263   0.000
  -7.938   39.812   -40.969   -7.938   39.812   -40.969   0.000
  26.758   -0.133   -13.776   26.758   -0.133   -13.776   0.000
  43.807   -22.451   -27.360   43.807   -22.451   -27.360   0.000
  -8.462   29.150   -53.392   -8.462   29.150   -53.392   0.000
  -42.435   -29.918   -53.544   -42.435   -29.918   -53.544   0.000
  62.050   1.398   -22.132   62.050   1.398   -22.132   0.000
  13.672   28.750   -51.713   13.672   28.750   -51.713   0.000
  37.580   -4.714   -53.463   37.580   -4.714   -53.463   0.000
  5.192   21.838   -17.751   5.192   21.838   -17.751   0.000
  2.289   34.221   -17.533   2.289   34.221   -17.533   0.000
  43.449   22.135   -35.295   43.449   22.135   -35.295   0.000
  -0.493   30.133   -14.550   -0.493   30.133   -14.550   0.000
  -4.384   7.672   -24.670   -4.384   7.672   -24.670   0.000
  -28.060   -36.259   -73.033   -28.060   -36.259   -73.033   0.000
  -25.456   7.465   -60.233   -25.456   7.465   -60.233   0.000
  7.370   28.041   -12.698   7.370   28.041   -12.698   0.000
  -18.759   1.552   -24.953   -18.759   1.552   -24.953   0.000
  3.155   40.261   -26.592   3.155   40.261   -26.592   0.000
  -26.841   -13.228   -36.685   -26.841   -13.228   -36.685   0.000
  35.149   20.896   -25.022   35.149   20.896   -25.022   0.000
  -31.477   4.841   -49.061   -31.477   4.841   -49.061   0.000
  13.697   7.827   -52.027   13.697   7.827   -52.027   0.000
  -27.032   -29.673   -48.727   -27.032   -29.673   -48.727   0.000