15,PA4-F-Output.txt,0
  -10.305   -6.504   -46.747   -10.305   -6.504   -46.747   0.000
  -5.031   -9.617   -42.447   -5.031   -9.617   -42.447   0.000
  -14.767   -13.202   -48.545   -14.767   -13.202   -48.545   0.000
  -14.767   -13.202   -48.545   -14.767   -13.202   -48.545   0.000
  19.554   16.440   -31.103   19.554   16.440   -31.103   0.000
  -14.767   -13.202   -48.545   -14.767   -13.202   -48.545   0.000
  15.530   19.061   -31.255   15.530   19.061   -31.255   0.000
  -14.767   -13.202   -48.545   -14.767   -13.202   -48.545   0.000
  -12.977   -6.091   -47.706   -12.977   -6.091   -47.706   0.000
  -12.977   -6.091   -47.706   -12.977   -6.091   -47.706   0.000
  -9.756   -8.548   -46.751   -9.756   -8.548   -46.751   0.000
  -13.069   -2.470   -46.644   -13.069   -2.470   -46.644   0.000
  24.551   11.926   -31.016   24.551   11.926   -31.016   0.000
  27.760   8.861   -30.277   27.760   8.861   -30.277   0.000
  -23.945   -2.099   -47.682   -23.945   -2.099   -47.682   0.000