75,PA4-J-Unknown--Output.txt,0
  -10.522   -21.038   -26.344   -10.522   -21.038   -26.344   0.000
  -37.285   -32.807   -56.748   -37.285   -32.807   -56.748   0.000
  -1.227   4.771   -48.855   -1.227   4.771   -48.855   0.000
  17.489   27.714   -33.157   17.489   27.714   -33.157   0.000
  -25.996   -33.495   -65.800   -25.996   -33.495   -65.800   0.000
  -27.304   17.618   -30.872   -27.304   17.618   -30.872   0.000
  50.861   14.029   -43.484   50.861   14.029   -43.484   0.000
  -22.484   3.727   -48.664   -22.484   3.727   -48.664   0.000
  -21.799   -31.254   -53.296   -21.799   -31.254   -53.296   0.000
  -25.832   -29.342   -78.209   -25.832   -29.342   -78.209   0.000
  0.749   -12.850   -32.570   0.749   -12.850   -32.570   0.000
  33.656   15.931   -6.093   33.656   15.931   -6.093   0.000
  0.211   25.599   -20.158   0.211   25.599   -20.158   0.000
  -33.310   3.497   -43.114   -33.310   3.497   -43.114   0.000
  -32.718   6.111   -35.871   -32.718   6.111   -35.871   0.000
  46.532   21.138   -11.373   46.532   21.138   -11.373   0.000
  20.852   30.128   -21.312   20.852   30.128   -21.312   0.000
  -35.654   -3.249   -34.771   -35.654   -3.249   -34.771   0.000
  20.070   30.817   -25.791   20.070   30.817   -25.791   0.000
  38.388   21.881   -48.025   38.388   21.881   -48.025   0.000
  31.436   15.055   -51.078   31.436   15.055   -51.078   0.000
  23.869   22.991   -44.860   23.869   22.991   -44.860   0.000
  19.946   23.769   -41.808   19.946   23.769   -41.808   0.000
  37.451   8.859   -6.211   37.451   8.859   -6.211   0.000
  47.117   1.632   -14.442   47.117   1.632   -14.442   0.000
  18.464   19.152   -42.944   18.464   19.152   -42.944   0.000
  -22.681   1.038   -51.787   -22.681   1.038   -51.787   0.000
  14.842   22.476   -38.757   14.842   22.476   -38.757   0.000
  41.532   -1.400   -44.372   41.532   -1.400   -44.372   0.000
  31.850   -7.625   -20.145   31.850   -7.625   -20.145   0.000
  -11.111   -27.050   -56.617   -11.111   -27.050   -56.617   0.000
  24.361   3.012   -12.181   24.361   3.012   -12.181   0.000
  -48.533   -26.060   -60.036   -48.533   -26.060   -60.036   0.000
  -11.999   -12.406   -64.350   -11.999   -12.406   -64.350   0.000
  -43.253   -12.001   -58.166   -43.253   -12.001   -58.166   0.000
  47.537   15.475   -10.006   47.537   15.475   -10.006   0.000
  10.670   23.619   -21.927   10.670   23.619   -21.927   0.000
  24.182   18.374   -10.759   24.182   18.374   -10.759   0.000
  29.691   -7.840   -20.618   29.691   -7.840   -20.618   0.000
  -9.237   -23.451   -54.658   -9.237   -23.451   -54.658   0.000
  -37.408   -15.367   -81.409   -37.408   -15.367   -81.409   0.000
  48.159   -4.550   -27.262   48.159   -4.550   -27.262   0.000
  -34.227   2.941   -27.305   -34.227   2.941   -27.305   0.000
  -15.088   -20.730   -23.267   -15.088   -20.730   -23.267   0.000
  -3.191   22.060   -2.906   -3.191   22.060   -2.906   0.000
  17.659   8.447   -44.862   17.659   8.447   -44.862   0.000
  44.383   2.852   -45.982   44.383   2.852   -45.982   0.000
  -33.091   -13.143   -75.373   -33.091   -13.143   -75.373   0.000
  -21.787   20.362   -28.039   -21.787   20.362   -28.039   0.000
  16.351   28.840   -26.061   16.351   28.840   -26.061   0.000
  -27.674   -22.066   -34.922   -27.674   -22.066   -34.922   0.000
  -28.962   -19.739   -82.814   -28.962   -19.739   -82.814   0.000
  25.904   34.251   -23.211   25.904   34.251   -23.211   0.000
  -40.934   -10.674   -71.915   -40.934   -10.674   -71.915   0.000
  38.487   -7.516   -24.623   38.487   -7.516   -24.623   0.000
  -6.384   12.789   -42.414   -6.384   12.789   -42.414   0.000
  6.266   -7.812   -46.737   6.266   -7.812   -46.737   0.000
  54.462   10.380   -30.727   54.462   10.380   -30.727   0.000
  -20.717   -29.422   -41.863   -20.717   -29.422   -41.863   0.000
  -19.877   14.258   -34.444   -19.877   14.258   -34.444   0.000
  0.937   -23.586   -49.111   0.937   -23.586   -49.111   0.000
  -41.755   -16.548   -76.014   -41.755   -16.548   -76.014   0.000
  47.725   13.043   -46.294   47.725   13.043   -46.294   0.000
  30.084   24.267   -47.695   30.084   24.267   -47.695   0.000
  -3.832   -11.717   -23.580   -3.832   -11.717   -23.580   0.000
  47.022   24.456   -11.703   47.022   24.456   -11.703   0.000
  39.227   18.719   -49.341   39.227   18.719   -49.341   0.000
  17.552   20.144   -42.368   17.552   20.144   -42.368   0.000
  -7.231   -6.068   -0.974   -7.231   -6.068   -0.974   0.000
  -43.008   -15.575   -71.293   -43.008   -15.575   -71.293   0.000
  -48.413   -30.162   -64.096   -48.413   -30.162   -64.096   0.000
  26.607   3.506   -44.836   26.607   3.506   -44.836   0.000
  48.362   -4.175   -31.361   48.362   -4.175   -31.361   0.000
  -5.163   -13.500   -17.414   -5.163   -13.500   -17.414   0.000
  -31.668   -0.391   -15.255   -31.668   -0.391   -15.255   0.000