15,PA4-C-Output.txt,0
  -20.022   -5.170   -48.656   -20.022   -5.170   -48.656   0.000
  -23.783   -9.690   -49.930   -23.783   -9.690   -49.930   0.000
  19.645   16.185   -31.222   19.645   16.185   -31.222   0.000
  -16.630   -1.900   -47.324   -16.630   -1.900   -47.324   0.000
  -12.977   -6.091   -47.706   -12.977   -6.091   -47.706   0.000
  -14.767   -13.202   -48.545   -14.767   -13.202   -48.545   0.000
  -14.767   -13.202   -48.545   -14.767   -13.202   -48.545   0.000
  -9.494   -9.525   -46.753   -9.494   -9.525   -46.753   0.000
  -27.121   -4.878   -48.084   -27.121   -4.878   -48.084   0.000
  -8.929   0.526   -41.702   -8.929   0.526   -41.702   0.000
  -20.022   -5.170   -48.656   -20.022   -5.170   -48.656   0.000
  -23.783   -9.690   -49.930   -23.783   -9.690   -49.930   0.000
  27.651   2.384   -30.494   27.651   2.384   -30.494   0.000
  -23.387   -9.790   -49.885   -23.387   -9.790   -49.885   0.000
  -12.977   -6.091   -47.706   -12.977   -6.091   -47.706   0.000