15,PA4-A-Output.txt,0
  -14.767   -13.202   -48.545   -14.767   -13.202   -48.545   0.000
  -14.767   -13.202   -48.545   -14.767   -13.202   -48.545   0.000
  -9.977   -7.727   -46.750   -9.977   -7.727   -46.750   0.000
  24.551   11.926   -31.016   24.551   11.926   -31.016   0.000
  -20.364   -12.300   -49.414   -20.364   -12.300   -49.414   0.000
  -23.783   -9.690   -49.930   -23.783   -9.690   -49.930   0.000
  -14.767   -13.202   -48.545   -14.767   -13.202   -48.545   0.000
  -23.783   -9.690   -49.930   -23.783   -9.690   -49.930   0.000
  -12.228   -4.262   -46.846   -12.228   -4.262   -46.846   0.000
  -15.800   -10.141   -48.594   -15.800   -10.141   -48.594   0.000
  -23.783   -9.690   -49.930   -23.783   -9.690   -49.930   0.000
  27.651   2.384   -30.494   27.651   2.384   -30.494   0.000
  -14.767   -13.202   -48.545   -14.767   -13.202   -48.545   0.000
  -20.397   -12.622   -49.395   -20.397   -12.622   -49.395   0.000
  -9.494   -9.525   -46.753   -9.494   -9.525   -46.753   0.000