75,PA4-B-Output.txt,0
  -34.621   -34.035   -77.184   -34.621   -34.035   -77.184   0.000
  54.958   -2.894   -13.934   54.958   -2.894   -13.934   0.000
  -30.323   15.539   -43.684   -30.323   15.539   -43.684   0.000
  47.638   -13.696   -34.824   47.638   -13.696   -34.824   0.000
  10.327   35.633   -38.758   10.327   35.633   -38.758   0.000
  -30.880   6.172   -37.302   -30.880   6.172   -37.302   0.000
  7.543   -7.577   -48.461   7.543   -7.577   -48.461   0.000
  21.335   -4.987   -6.213   21.335   -4.987   -6.213   0.000
  -12.869   -15.422   -29.584   -12.869   -15.422   -29.584   0.000
  54.474   -2.942   -33.453   54.474   -2.942   -33.453   0.000
  -10.435   38.477   -47.145   -10.435   38.477   -47.145   0.000
  1.066   40.361   -46.089   1.066   40.361   -46.089   0.000
  -15.268   26.885   -59.290   -15.268   26.885   -59.290   0.000
  55.091   -4.916   -30.705   55.091   -4.916   -30.705   0.000
  -21.524   22.102   -27.495   -21.524   22.102   -27.495   0.000
  -11.570   -24.215   -52.766   -11.570   -24.215   -52.766   0.000
  3.001   -11.503   -50.726   3.001   -11.503   -50.726   0.000
  -29.386   -26.996   -36.763   -29.386   -26.996   -36.763   0.000
  19.004   -13.294   -30.938   19.004   -13.294   -30.938   0.000
  40.498   -7.486   -43.613   40.498   -7.486   -43.613   0.000
  29.718   -1.714   -2.165   29.718   -1.714   -2.165   0.000
  -36.928   -28.491   -48.096   -36.928   -28.491   -48.096   0.000
  16.277   21.249   -36.780   16.277   21.249   -36.780   0.000
  33.941   -15.412   -39.462   33.941   -15.412   -39.462   0.000
  33.038   4.746   -45.555   33.038   4.746   -45.555   0.000
  50.173   14.061   -15.780   50.173   14.061   -15.780   0.000
  -33.261   -40.838   -59.828   -33.261   -40.838   -59.828   0.000
  24.457   18.346   -16.782   24.457   18.346   -16.782   0.000
  -0.831   40.363   -46.286   -0.831   40.363   -46.286   0.000
  -38.293   -25.146   -47.989   -38.293   -25.146   -47.989   0.000
  -45.172   -16.688   -70.759   -45.172   -16.688   -70.759   0.000
  -23.679   -29.091   -44.851   -23.679   -29.091   -44.851   0.000
  -36.890   -22.821   -45.742   -36.890   -22.821   -45.742   0.000
  -18.130   -12.837   -65.557   -18.130   -12.837   -65.557   0.000
  -20.010   21.401   -60.229   -20.010   21.401   -60.229   0.000
  -7.190   36.616   -22.531   -7.190   36.616   -22.531   0.000
  -33.252   0.442   -40.131   -33.252   0.442   -40.131   0.000
  -36.060   -41.421   -59.156   -36.060   -41.421   -59.156   0.000
  42.560   17.319   -36.613   42.560   17.319   -36.613   0.000
  34.958   -21.221   -30.247   34.958   -21.221   -30.247   0.000
  -34.245   -31.109   -48.578   -34.245   -31.109   -48.578   0.000
  56.447   -0.912   -18.174   56.447   -0.912   -18.174   0.000
  34.655   11.019   -3.985   34.655   11.019   -3.985   0.000
  22.638   -14.930   -14.200   22.638   -14.930   -14.200   0.000
  -40.607   -40.635   -59.435   -40.607   -40.635   -59.435   0.000
  24.504   -1.080   -44.978   24.504   -1.080   -44.978   0.000
  6.372   28.674   -33.209   6.372   28.674   -33.209   0.000
  42.186   12.098   -41.148   42.186   12.098   -41.148   0.000
  -30.790   -37.158   -76.503   -30.790   -37.158   -76.503   0.000
  -36.539   -13.060   -44.039   -36.539   -13.060   -44.039   0.000
  49.302   15.427   -32.647   49.302   15.427   -32.647   0.000
  38.720   22.500   -17.366   38.720   22.500   -17.366   0.000
  -3.537   -18.593   -45.443   -3.537   -18.593   -45.443   0.000
  -29.880   -21.290   -34.631   -29.880   -21.290   -34.631   0.000
  44.100   13.987   -8.414   44.100   13.987   -8.414   0.000
  -9.555   -3.126   -28.920   -9.555   -3.126   -28.920   0.000
  3.884   -7.918   -51.870   3.884   -7.918   -51.870   0.000
  30.116   -1.208   -45.244   30.116   -1.208   -45.244   0.000
  20.470   19.822   -38.597   20.470   19.822   -38.597   0.000
  -9.872   38.547   -43.916   -9.872   38.547   -43.916   0.000
  -25.864   23.830   -37.619   -25.864   23.830   -37.619   0.000
  44.916   -19.359   -26.256   44.916   -19.359   -26.256   0.000
  -30.059   6.715   -57.977   -30.059   6.715   -57.977   0.000
  -10.848   9.097   -25.016   -10.848   9.097   -25.016   0.000
  15.191   12.514   -20.058   15.191   12.514   -20.058   0.000
  25.651   18.603   -25.274   25.651   18.603   -25.274   0.000
  40.753   17.082   -9.498   40.753   17.082   -9.498   0.000
  -14.414   -25.313   -51.349   -14.414   -25.313   -51.349   0.000
  -39.670   -6.064   -61.141   -39.670   -6.064   -61.141   0.000
  -22.942   15.985   -26.360   -22.942   15.985   -26.360   0.000
  14.755   23.766   -49.244   14.755   23.766   -49.244   0.000
  -24.873   12.527   -28.134   -24.873   12.527   -28.134   0.000
  29.795   9.789   -44.706   29.795   9.789   -44.706   0.000
  54.629   10.306   -21.227   54.629   10.306   -21.227   0.000
  5.682   36.561   -28.302   5.682   36.561   -28.302   0.000