15,PA4-D-Output.txt,0
  -15.800   -10.141   -48.594   -15.800   -10.141   -48.594   0.000
  19.645   16.185   -31.222   19.645   16.185   -31.222   0.000
  -14.767   -13.202   -48.545   -14.767   -13.202   -48.545   0.000
  -5.834   -7.174   -42.840   -5.834   -7.174   -42.840   0.000
  -23.982   -0.238   -46.865   -23.982   -0.238   -46.865   0.000
  -30.627   -8.921   -47.401   -30.627   -8.921   -47.401   0.000
  -23.783   -9.690   -49.930   -23.783   -9.690   -49.930   0.000
  -23.947   -1.987   -47.633   -23.947   -1.987   -47.633   0.000
  -14.767   -13.202   -48.545   -14.767   -13.202   -48.545   0.000
  19.645   16.185   -31.222   19.645   16.185   -31.222   0.000
  -21.915   -10.161   -49.717   -21.915   -10.161   -49.717   0.000
  -20.022   -5.170   -48.656   -20.022   -5.170   -48.656   0.000
  15.530   19.061   -31.255   15.530   19.061   -31.255   0.000
  -11.784   3.426   -41.672   -11.784   3.426   -41.672   0.000
  -23.783   -9.690   -49.930   -23.783   -9.690   -49.930   0.000