15,PA4-E-Output.txt,0
  -14.767   -13.202   -48.545   -14.767   -13.202   -48.545   0.000
  -9.494   -9.525   -46.753   -9.494   -9.525   -46.753   0.000
  -14.767   -13.202   -48.545   -14.767   -13.202   -48.545   0.000
  -23.783   -9.690   -49.930   -23.783   -9.690   -49.930   0.000
  -22.183   -10.094   -49.747   -22.183   -10.094   -49.747   0.000
  -23.783   -9.690   -49.930   -23.783   -9.690   -49.930   0.000
  -20.188   -10.598   -49.519   -20.188   -10.598   -49.519   0.000
  -20.022   -5.170   -48.656   -20.022   -5.170   -48.656   0.000
  -23.783   -9.690   -49.930   -23.783   -9.690   -49.930   0.000
  -20.397   -12.622   -49.395   -20.397   -12.622   -49.395   0.000
  -9.494   -9.525   -46.753   -9.494   -9.525   -46.753   0.000
  -14.767   -13.202   -48.545   -14.767   -13.202   -48.545   0.000
  19.645   16.185   -31.222   19.645   16.185   -31.222   0.000
  -14.767   -13.202   -48.545   -14.767   -13.202   -48.545   0.000
  -20.188   -10.598   -49.519   -20.188   -10.598   -49.519   0.000