75,PA4-C-Output.txt,0
  -50.128   3.707   -44.689   -50.128   3.707   -44.689   0.000
  -16.598   -32.320   -47.215   -16.598   -32.320   -47.215   0.000
  16.511   34.537   -19.743   16.511   34.537   -19.743   0.000
  -2.519   -0.739   -25.401   -2.519   -0.739   -25.401   0.000
  -17.099   9.114   -47.789   -17.099   9.114   -47.789   0.000
  10.737   -16.571   -54.543   10.737   -16.571   -54.543   0.000
  -20.460   1.025   -70.304   -20.460   1.025   -70.304   0.000
  25.894   -0.694   -40.427   25.894   -0.694   -40.427   0.000
  -0.883   -39.216   -26.944   -0.883   -39.216   -26.944   0.000
  41.735   -0.920   -19.652   41.735   -0.920   -19.652   0.000
  -54.149   7.348   -47.499   -54.149   7.348   -47.499   0.000
  -61.622   -3.573   -47.474   -61.622   -3.573   -47.474   0.000
  42.752   12.673   -43.210   42.752   12.673   -43.210   0.000
  -58.566   3.946   -54.865   -58.566   3.946   -54.865   0.000
  20.464   -12.441   -32.445   20.464   -12.441   -32.445   0.000
  -11.215   9.868   -43.478   -11.215   9.868   -43.478   0.000
  36.421   36.639   -24.113   36.421   36.639   -24.113   0.000
  23.390   37.842   -19.714   23.390   37.842   -19.714   0.000
  26.563   34.630   -40.217   26.563   34.630   -40.217   0.000
  26.394   39.185   -28.989   26.394   39.185   -28.989   0.000
  8.339   -2.425   -47.643   8.339   -2.425   -47.643   0.000
  -27.561   -26.366   -50.311   -27.561   -26.366   -50.311   0.000
  23.509   14.478   -45.062   23.509   14.478   -45.062   0.000
  -42.153   9.859   -54.135   -42.153   9.859   -54.135   0.000
  8.470   1.439   -17.244   8.470   1.439   -17.244   0.000
  44.350   1.972   -32.987   44.350   1.972   -32.987   0.000
  -61.373   -1.667   -47.621   -61.373   -1.667   -47.621   0.000
  38.247   34.672   -26.942   38.247   34.672   -26.942   0.000
  -18.612   -1.548   -33.007   -18.612   -1.548   -33.007   0.000
  -33.713   -23.150   -55.746   -33.713   -23.150   -55.746   0.000
  26.114   -25.768   -50.133   26.114   -25.768   -50.133   0.000
  -11.143   -10.013   -27.127   -11.143   -10.013   -27.127   0.000
  -12.834   -38.555   -33.824   -12.834   -38.555   -33.824   0.000
  40.856   25.875   -8.532   40.856   25.875   -8.532   0.000
  -33.991   -2.070   -67.934   -33.991   -2.070   -67.934   0.000
  -41.025   -21.382   -56.415   -41.025   -21.382   -56.415   0.000
  -13.952   11.498   -58.921   -13.952   11.498   -58.921   0.000
  11.092   28.543   -28.993   11.092   28.543   -28.993   0.000
  20.854   -10.124   -22.110   20.854   -10.124   -22.110   0.000
  12.519   31.209   -30.907   12.519   31.209   -30.907   0.000
  -18.850   -31.115   -35.640   -18.850   -31.115   -35.640   0.000
  -59.294   -10.956   -48.309   -59.294   -10.956   -48.309   0.000
  19.609   -21.921   -23.710   19.609   -21.921   -23.710   0.000
  12.959   -16.593   -49.928   12.959   -16.593   -49.928   0.000
  -51.315   9.245   -64.300   -51.315   9.245   -64.300   0.000
  14.524   9.822   -10.289   14.524   9.822   -10.289   0.000
  8.900   14.156   -40.802   8.900   14.156   -40.802   0.000
  49.326   25.059   -32.984   49.326   25.059   -32.984   0.000
  -10.252   -6.710   -64.931   -10.252   -6.710   -64.931   0.000
  8.845   14.399   -17.717   8.845   14.399   -17.717   0.000
  -52.042   -3.535   -43.373   -52.042   -3.535   -43.373   0.000
  -51.097   10.305   -62.114   -51.097   10.305   -62.114   0.000
  7.173   -2.418   -48.501   7.173   -2.418   -48.501   0.000
  9.177   23.779   -26.489   9.177   23.779   -26.489   0.000
  43.896   21.356   -41.654   43.896   21.356   -41.654   0.000
  50.449   26.872   -23.447   50.449   26.872   -23.447   0.000
  44.597   33.488   -23.186   44.597   33.488   -23.186   0.000
  5.763   -13.064   -56.407   5.763   -13.064   -56.407   0.000
  47.011   11.200   -37.705   47.011   11.200   -37.705   0.000
  22.694   -22.024   -48.544   22.694   -22.024   -48.544   0.000
  19.569   10.202   -43.693   19.569   10.202   -43.693   0.000
  9.506   -38.304   -47.348   9.506   -38.304   -47.348   0.000
  16.965   35.934   -22.856   16.965   35.934   -22.856   0.000
  8.492   8.987   -17.796   8.492   8.987   -17.796   0.000
  40.907   -0.336   -16.886   40.907   -0.336   -16.886   0.000
  -7.770   7.581   -32.637   -7.770   7.581   -32.637   0.000
  1.412   -25.805   -59.546   1.412   -25.805   -59.546   0.000
  -31.240   8.572   -50.623   -31.240   8.572   -50.623   0.000
  21.800   13.984   -4.896   21.800   13.984   -4.896   0.000
  30.577   -3.303   -23.105   30.577   -3.303   -23.105   0.000
  -48.068   -19.291   -58.244   -48.068   -19.291   -58.244   0.000
  7.288   -7.774   -49.846   7.288   -7.774   -49.846   0.000
  32.520   32.196   -42.092   32.520   32.196   -42.092   0.000
  10.420   -14.142   -50.187   10.420   -14.142   -50.187   0.000
  -16.753   -33.699   -39.439   -16.753   -33.699   -39.439   0.000