75,PA4-E-Output.txt,0
  -21.798   -15.789   -29.943   -21.798   -15.789   -29.943   0.000
  13.402   1.796   -17.341   13.402   1.796   -17.341   0.000
  -9.691   10.535   -23.984   -9.691   10.535   -23.984   0.000
  -23.592   -29.240   -76.809   -23.592   -29.240   -76.809   0.000
  -33.928   -39.393   -65.981   -33.928   -39.393   -65.981   0.000
  -31.675   16.001   -47.179   -31.675   16.001   -47.179   0.000
  -36.947   -41.459   -60.950   -36.947   -41.459   -60.950   0.000
  -13.509   -20.748   -63.639   -13.509   -20.748   -63.639   0.000
  -31.296   14.072   -44.960   -31.296   14.072   -44.960   0.000
  -35.100   -17.616   -43.395   -35.100   -17.616   -43.395   0.000
  -6.784   -22.598   -28.481   -6.784   -22.598   -28.481   0.000
  -5.939   -4.662   -27.996   -5.939   -4.662   -27.996   0.000
  55.213   9.513   -27.090   55.213   9.513   -27.090   0.000
  -16.134   -19.901   -25.823   -16.134   -19.901   -25.823   0.000
  -31.354   -41.867   -53.456   -31.354   -41.867   -53.456   0.000
  -27.559   -24.256   -72.231   -27.559   -24.256   -72.231   0.000
  28.441   8.772   -42.245   28.441   8.772   -42.245   0.000
  50.598   -1.113   -28.871   50.598   -1.113   -28.871   0.000
  35.957   -8.527   -30.693   35.957   -8.527   -30.693   0.000
  -15.772   9.755   -21.583   -15.772   9.755   -21.583   0.000
  -3.462   -14.393   -55.881   -3.462   -14.393   -55.881   0.000
  -39.953   -20.080   -55.673   -39.953   -20.080   -55.673   0.000
  42.645   -10.272   -24.086   42.645   -10.272   -24.086   0.000
  33.794   30.263   -30.549   33.794   30.263   -30.549   0.000
  56.164   8.961   -21.560   56.164   8.961   -21.560   0.000
  0.411   42.771   -34.443   0.411   42.771   -34.443   0.000
  -35.275   -12.249   -43.716   -35.275   -12.249   -43.716   0.000
  -30.825   3.534   -36.558   -30.825   3.534   -36.558   0.000
  -20.966   35.119   -26.388   -20.966   35.119   -26.388   0.000
  14.894   14.381   -45.399   14.894   14.381   -45.399   0.000
  30.755   28.937   -33.784   30.755   28.937   -33.784   0.000
  -27.153   25.121   -30.849   -27.153   25.121   -30.849   0.000
  -29.150   22.671   -50.743   -29.150   22.671   -50.743   0.000
  -3.750   -19.050   -54.356   -3.750   -19.050   -54.356   0.000
  -24.563   31.321   -35.838   -24.563   31.321   -35.838   0.000
  -24.140   -29.070   -75.497   -24.140   -29.070   -75.497   0.000
  -27.914   2.139   -31.068   -27.914   2.139   -31.068   0.000
  8.278   -10.302   -44.906   8.278   -10.302   -44.906   0.000
  25.885   9.580   -41.889   25.885   9.580   -41.889   0.000
  -20.395   33.733   -50.069   -20.395   33.733   -50.069   0.000
  47.298   -7.817   -22.434   47.298   -7.817   -22.434   0.000
  24.178   13.601   -42.566   24.178   13.601   -42.566   0.000
  -17.026   17.061   -60.394   -17.026   17.061   -60.394   0.000
  34.911   29.133   -32.710   34.911   29.133   -32.710   0.000
  -30.671   10.816   -49.744   -30.671   10.816   -49.744   0.000
  1.547   16.355   -24.081   1.547   16.355   -24.081   0.000
  43.080   28.605   -12.519   43.080   28.605   -12.519   0.000
  47.946   20.839   -7.051   47.946   20.839   -7.051   0.000
  12.718   -4.771   -41.007   12.718   -4.771   -41.007   0.000
  9.783   28.171   -47.734   9.783   28.171   -47.734   0.000
  -14.717   -33.816   -70.003   -14.717   -33.816   -70.003   0.000
  42.705   -7.351   -7.891   42.705   -7.351   -7.891   0.000
  12.022   25.924   -41.939   12.022   25.924   -41.939   0.000
  -29.205   -33.675   -46.798   -29.205   -33.675   -46.798   0.000
  14.129   -4.435   -40.062   14.129   -4.435   -40.062   0.000
  -15.544   26.298   -16.454   -15.544   26.298   -16.454   0.000
  -22.530   -30.406   -35.742   -22.530   -30.406   -35.742   0.000
  -38.906   -33.655   -69.921   -38.906   -33.655   -69.921   0.000
  38.534   30.474   -27.511   38.534   30.474   -27.511   0.000
  -11.630   -13.378   -25.649   -11.630   -13.378   -25.649   0.000
  -46.109   -30.446   -61.109   -46.109   -30.446   -61.109   0.000
  37.082   32.422   -14.173   37.082   32.422   -14.173   0.000
  -25.723   8.188   -57.685   -25.723   8.188   -57.685   0.000
  1.419   16.840   -54.826   1.419   16.840   -54.826   0.000
  33.681   10.550   2.267   33.681   10.550   2.267   0.000
  49.296   -4.244   -27.547   49.296   -4.244   -27.547   0.000
  -24.475   20.874   -23.713   -24.475   20.874   -23.713   0.000
  -35.304   -19.124   -71.219   -35.304   -19.124   -71.219   0.000
  -30.495   6.576   -36.471   -30.495   6.576   -36.471   0.000
  -3.703   -20.053   -51.310   -3.703   -20.053   -51.310   0.000
  -34.185   -36.686   -50.261   -34.185   -36.686   -50.261   0.000
  -16.804   -33.508   -68.725   -16.804   -33.508   -68.725   0.000
  4.456   22.538   -53.822   4.456   22.538   -53.822   0.000
  5.490   0.250   -48.976   5.490   0.250   -48.976   0.000
  -10.299   -29.757   -63.940   -10.299   -29.757   -63.940   0.000