75,PA4-K-Unknown--Output.txt,0
  35.525   -15.421   -20.266   35.525   -15.421   -20.266   0.000
  -7.148   -18.625   -46.295   -7.148   -18.625   -46.295   0.000
  1.577   39.945   -36.850   1.577   39.945   -36.850   0.000
  32.162   9.440   -18.089   32.162   9.440   -18.089   0.000
  -6.776   -18.280   -46.869   -6.776   -18.280   -46.869   0.000
  -9.648   10.566   -52.302   -9.648   10.566   -52.302   0.000
  34.284   17.900   -27.727   34.284   17.900   -27.727   0.000
  -15.479   -13.824   -60.409   -15.479   -13.824   -60.409   0.000
  17.395   32.506   -36.664   17.395   32.506   -36.664   0.000
  -19.200   0.154   -24.103   -19.200   0.154   -24.103   0.000
  50.157   -6.534   -13.506   50.157   -6.534   -13.506   0.000
  28.696   -11.776   -43.759   28.696   -11.776   -43.759   0.000
  49.924   15.636   -48.076   49.924   15.636   -48.076   0.000
  47.629   18.503   -45.216   47.629   18.503   -45.216   0.000
  27.895   -1.325   -16.234   27.895   -1.325   -16.234   0.000
  7.631   14.210   -51.324   7.631   14.210   -51.324   0.000
  -4.584   14.098   -10.739   -4.584   14.098   -10.739   0.000
  2.107   36.428   -39.607   2.107   36.428   -39.607   0.000
  -43.431   -8.335   -68.498   -43.431   -8.335   -68.498   0.000
  -11.112   29.874   -47.100   -11.112   29.874   -47.100   0.000
  -30.644   -26.421   -46.155   -30.644   -26.421   -46.155   0.000
  14.169   38.913   -20.653   14.169   38.913   -20.653   0.000
  14.726   22.554   -48.604   14.726   22.554   -48.604   0.000
  37.223   -15.432   -18.938   37.223   -15.432   -18.938   0.000
  43.971   23.099   -36.463   43.971   23.099   -36.463   0.000
  2.792   15.397   -51.657   2.792   15.397   -51.657   0.000
  61.058   3.508   -47.179   61.058   3.508   -47.179   0.000
  -8.521   24.329   -47.736   -8.521   24.329   -47.736   0.000
  -18.600   -0.281   -22.514   -18.600   -0.281   -22.514   0.000
  -40.132   0.862   -46.718   -40.132   0.862   -46.718   0.000
  -5.757   -23.806   -34.032   -5.757   -23.806   -34.032   0.000
  29.334   -5.213   -16.510   29.334   -5.213   -16.510   0.000
  7.823   33.438   -10.343   7.823   33.438   -10.343   0.000
  0.550   -6.820   -28.698   0.550   -6.820   -28.698   0.000
  32.120   3.267   -52.646   32.120   3.267   -52.646   0.000
  4.394   11.911   -20.938   4.394   11.911   -20.938   0.000
  -9.255   -4.540   -22.777   -9.255   -4.540   -22.777   0.000
  36.808   15.207   -19.290   36.808   15.207   -19.290   0.000
  17.253   32.138   -37.826   17.253   32.138   -37.826   0.000
  -16.853   3.541   -20.198   -16.853   3.541   -20.198   0.000
  -21.905   9.064   -55.360   -21.905   9.064   -55.360   0.000
  -50.598   -14.467   -62.090   -50.598   -14.467   -62.090   0.000
  6.948   28.661   -5.731   6.948   28.661   -5.731   0.000
  -22.765   23.229   -41.715   -22.765   23.229   -41.715   0.000
  14.822   -4.767   -28.379   14.822   -4.767   -28.379   0.000
  -17.995   -20.141   -29.025   -17.995   -20.141   -29.025   0.000
  26.996   16.775   -27.094   26.996   16.775   -27.094   0.000
  51.807   -5.456   -14.325   51.807   -5.456   -14.325   0.000
  22.774   23.583   -39.763   22.774   23.583   -39.763   0.000
  -47.889   -8.026   -64.804   -47.889   -8.026   -64.804   0.000
  -38.143   -26.182   -70.215   -38.143   -26.182   -70.215   0.000
  28.093   -4.259   -16.860   28.093   -4.259   -16.860   0.000
  36.725   -19.905   -26.187   36.725   -19.905   -26.187   0.000
  -5.488   32.984   -14.828   -5.488   32.984   -14.828   0.000
  37.033   -16.912   -46.358   37.033   -16.912   -46.358   0.000
  -48.073   -15.649   -64.837   -48.073   -15.649   -64.837   0.000
  -29.418   7.748   -51.581   -29.418   7.748   -51.581   0.000
  22.771   13.648   -23.965   22.771   13.648   -23.965   0.000
  50.122   -13.209   -17.120   50.122   -13.209   -17.120   0.000
  45.577   -22.185   -37.677   45.577   -22.185   -37.677   0.000
  5.518   36.928   -41.394   5.518   36.928   -41.394   0.000
  43.113   -18.154   -46.756   43.113   -18.154   -46.756   0.000
  19.304   23.802   -29.559   19.304   23.802   -29.559   0.000
  9.506   41.471   -33.088   9.506   41.471   -33.088   0.000
  3.542   -1.751   -54.065   3.542   -1.751   -54.065   0.000
  -14.168   -21.374   -28.799   -14.168   -21.374   -28.799   0.000
  -36.448   -16.563   -71.217   -36.448   -16.563   -71.217   0.000
  -44.281   -17.871   -68.426   -44.281   -17.871   -68.426   0.000
  -26.822   9.113   -30.504   -26.822   9.113   -30.504   0.000
  -20.899   -17.726   -62.729   -20.899   -17.726   -62.729   0.000
  0.539   -15.668   -35.916   0.539   -15.668   -35.916   0.000
  -8.940   -24.683   -39.217   -8.940   -24.683   -39.217   0.000
  32.770   -12.525   -47.511   32.770   -12.525   -47.511   0.000
  13.837   39.129   -20.707   13.837   39.129   -20.707   0.000
  20.589   21.163   -44.245   20.589   21.163   -44.245   0.000