75,PA4-H-Unknown-Output.txt,0
  46.977   -9.060   -17.803   46.977   -9.060   -17.803   0.000
  -27.832   -10.462   -31.953   -27.832   -10.462   -31.953   0.000
  37.770   -15.987   -35.814   37.770   -15.987   -35.814   0.000
  -17.495   38.235   -32.518   -17.495   38.235   -32.518   0.000
  -7.516   -6.968   -58.242   -7.516   -6.968   -58.242   0.000
  39.452   26.086   -36.777   39.452   26.086   -36.777   0.000
  0.237   -0.547   -28.687   0.237   -0.547   -28.687   0.000
  -32.661   -1.437   -33.634   -32.661   -1.437   -33.634   0.000
  -8.015   15.940   -25.797   -8.015   15.940   -25.797   0.000
  32.098   27.876   -29.021   32.098   27.876   -29.021   0.000
  33.891   25.987   -39.137   33.891   25.987   -39.137   0.000
  -38.357   -1.183   -41.619   -38.357   -1.183   -41.619   0.000
  -16.366   -25.430   -51.487   -16.366   -25.430   -51.487   0.000
  -12.374   -7.303   -29.248   -12.374   -7.303   -29.248   0.000
  34.237   19.265   -11.209   34.237   19.265   -11.209   0.000
  53.408   8.533   -39.873   53.408   8.533   -39.873   0.000
  5.528   25.315   -53.095   5.528   25.315   -53.095   0.000
  -0.296   7.656   -55.163   -0.296   7.656   -55.163   0.000
  -0.375   9.249   -26.551   -0.375   9.249   -26.551   0.000
  25.616   13.523   -49.160   25.616   13.523   -49.160   0.000
  14.233   5.254   -17.504   14.233   5.254   -17.504   0.000
  43.747   0.852   -49.123   43.747   0.852   -49.123   0.000
  -2.496   30.461   -12.501   -2.496   30.461   -12.501   0.000
  13.196   7.499   -49.975   13.196   7.499   -49.975   0.000
  -7.192   25.099   -12.901   -7.192   25.099   -12.901   0.000
  -17.190   34.340   -48.512   -17.190   34.340   -48.512   0.000
  48.202   -0.868   -12.856   48.202   -0.868   -12.856   0.000
  46.819   20.020   -21.310   46.819   20.020   -21.310   0.000
  0.275   37.479   -47.341   0.275   37.479   -47.341   0.000
  -17.596   38.374   -39.955   -17.596   38.374   -39.955   0.000
  -38.807   -34.469   -51.400   -38.807   -34.469   -51.400   0.000
  -34.807   -42.898   -60.595   -34.807   -42.898   -60.595   0.000
  50.119   -10.339   -28.684   50.119   -10.339   -28.684   0.000
  -25.585   23.729   -25.779   -25.585   23.729   -25.779   0.000
  53.665   12.434   -20.329   53.665   12.434   -20.329   0.000
  -1.870   -4.684   -55.849   -1.870   -4.684   -55.849   0.000
  26.533   -13.303   -31.989   26.533   -13.303   -31.989   0.000
  -33.189   -32.266   -78.063   -33.189   -32.266   -78.063   0.000
  -42.064   -38.103   -55.005   -42.064   -38.103   -55.005   0.000
  -18.807   38.174   -41.753   -18.807   38.174   -41.753   0.000
  -14.105   -5.036   -27.689   -14.105   -5.036   -27.689   0.000
  -20.512   -15.336   -65.650   -20.512   -15.336   -65.650   0.000
  -28.149   -33.298   -49.107   -28.149   -33.298   -49.107   0.000
  41.407   9.191   -49.791   41.407   9.191   -49.791   0.000
  36.672   -13.566   -41.233   36.672   -13.566   -41.233   0.000
  16.377   18.906   -26.754   16.377   18.906   -26.754   0.000
  43.394   -3.973   -11.082   43.394   -3.973   -11.082   0.000
  29.655   2.874   -7.520   29.655   2.874   -7.520   0.000
  47.772   19.505   -18.350   47.772   19.505   -18.350   0.000
  -41.550   -12.695   -44.226   -41.550   -12.695   -44.226   0.000
  4.716   -0.657   -27.844   4.716   -0.657   -27.844   0.000
  -2.544   10.745   -56.132   -2.544   10.745   -56.132   0.000
  -48.986   -21.567   -71.760   -48.986   -21.567   -71.760   0.000
  -31.084   -21.309   -73.394   -31.084   -21.309   -73.394   0.000
  4.718   35.300   -39.222   4.718   35.300   -39.222   0.000
  43.152   -15.318   -27.862   43.152   -15.318   -27.862   0.000
  -41.279   -8.084   -62.617   -41.279   -8.084   -62.617   0.000
  24.219   11.749   -49.429   24.219   11.749   -49.429   0.000
  3.173   9.233   -53.767   3.173   9.233   -53.767   0.000
  -3.716   23.552   -17.846   -3.716   23.552   -17.846   0.000
  32.433   -16.787   -26.131   32.433   -16.787   -26.131   0.000
  -12.548   26.651   -13.119   -12.548   26.651   -13.119   0.000
  4.862   28.942   -35.396   4.862   28.942   -35.396   0.000
  -5.313   41.569   -42.926   -5.313   41.569   -42.926   0.000
  49.265   -1.324   -43.804   49.265   -1.324   -43.804   0.000
  34.747   12.372   -8.160   34.747   12.372   -8.160   0.000
  -37.188   -40.164   -56.227   -37.188   -40.164   -56.227   0.000
  -15.852   -25.495   -46.820   -15.852   -25.495   -46.820   0.000
  46.778   -1.379   -46.247   46.778   -1.379   -46.247   0.000
  -16.437   -13.914   -28.548   -16.437   -13.914   -28.548   0.000
  40.166   3.424   -8.023   40.166   3.424   -8.023   0.000
  15.004   14.008   -20.870   15.004   14.008   -20.870   0.000
  -24.518   6.923   -22.130   -24.518   6.923   -22.130   0.000
  -43.928   -14.742   -68.385   -43.928   -14.742   -68.385   0.000
  47.213   -8.905   -18.034   47.213   -8.905   -18.034   0.000