75,PA4-A-Output.txt,0
  -8.401   -15.811   -32.077   -8.401   -15.811   -32.077   0.000
  -5.475   -15.068   -33.813   -5.475   -15.068   -33.813   0.000
  16.475   12.489   -23.029   16.475   12.489   -23.029   0.000
  61.765   12.184   -29.973   61.765   12.184   -29.973   0.000
  -0.649   15.912   -18.421   -0.649   15.912   -18.421   0.000
  -34.478   -0.243   -46.508   -34.478   -0.243   -46.508   0.000
  -12.690   -10.715   -28.847   -12.690   -10.715   -28.847   0.000
  -9.313   24.438   -49.827   -9.313   24.438   -49.827   0.000
  22.060   19.430   -27.462   22.060   19.430   -27.462   0.000
  -20.480   -28.818   -71.071   -20.480   -28.818   -71.071   0.000
  -35.810   -2.967   -47.607   -35.810   -2.967   -47.607   0.000
  46.626   0.606   -11.458   46.626   0.606   -11.458   0.000
  -19.722   -26.690   -39.259   -19.722   -26.690   -39.259   0.000
  -23.728   -12.966   -35.335   -23.728   -12.966   -35.335   0.000
  23.532   -7.581   -32.105   23.532   -7.581   -32.105   0.000
  5.716   30.949   -47.493   5.716   30.949   -47.493   0.000
  -4.260   -16.898   -56.616   -4.260   -16.898   -56.616   0.000
  -0.986   18.008   -52.530   -0.986   18.008   -52.530   0.000
  -39.308   -5.776   -59.491   -39.308   -5.776   -59.491   0.000
  56.777   -9.824   -35.149   56.777   -9.824   -35.149   0.000
  48.755   -12.780   -21.963   48.755   -12.780   -21.963   0.000
  -11.353   -23.322   -54.699   -11.353   -23.322   -54.699   0.000
  49.327   21.067   -45.234   49.327   21.067   -45.234   0.000
  39.035   -11.427   -46.958   39.035   -11.427   -46.958   0.000
  -22.695   25.023   -26.827   -22.695   25.023   -26.827   0.000
  -27.189   -34.493   -77.818   -27.189   -34.493   -77.818   0.000
  -21.719   6.140   -60.492   -21.719   6.140   -60.492   0.000
  18.599   15.581   -24.281   18.599   15.581   -24.281   0.000
  -37.356   -32.085   -59.177   -37.356   -32.085   -59.177   0.000
  -14.184   36.965   -30.625   -14.184   36.965   -30.625   0.000
  26.614   9.903   -50.662   26.614   9.903   -50.662   0.000
  60.979   -0.844   -36.096   60.979   -0.844   -36.096   0.000
  -44.143   -12.081   -63.988   -44.143   -12.081   -63.988   0.000
  27.289   2.751   -13.815   27.289   2.751   -13.815   0.000
  -30.782   8.194   -44.530   -30.782   8.194   -44.530   0.000
  10.356   26.403   -46.764   10.356   26.403   -46.764   0.000
  -12.984   -23.153   -59.963   -12.984   -23.153   -59.963   0.000
  -37.299   -35.608   -62.816   -37.299   -35.608   -62.816   0.000
  15.665   1.134   -25.030   15.665   1.134   -25.030   0.000
  26.985   -8.501   -28.860   26.985   -8.501   -28.860   0.000
  -3.712   38.189   -19.741   -3.712   38.189   -19.741   0.000
  -47.806   -16.854   -66.577   -47.806   -16.854   -66.577   0.000
  -5.858   -3.714   -27.230   -5.858   -3.714   -27.230   0.000
  13.362   -3.139   -29.742   13.362   -3.139   -29.742   0.000
  -47.869   -16.663   -68.072   -47.869   -16.663   -68.072   0.000
  -48.257   -17.211   -68.183   -48.257   -17.211   -68.183   0.000
  -13.230   34.559   -38.965   -13.230   34.559   -38.965   0.000
  -3.265   7.406   -19.777   -3.265   7.406   -19.777   0.000
  49.166   -13.072   -41.579   49.166   -13.072   -41.579   0.000
  -46.251   -24.393   -59.113   -46.251   -24.393   -59.113   0.000
  41.457   -9.178   -15.372   41.457   -9.178   -15.372   0.000
  -13.655   -6.480   -25.266   -13.655   -6.480   -25.266   0.000
  43.877   27.158   -37.083   43.877   27.158   -37.083   0.000
  50.338   25.203   -30.308   50.338   25.203   -30.308   0.000
  33.106   6.845   -10.295   33.106   6.845   -10.295   0.000
  -10.380   -31.193   -39.413   -10.380   -31.193   -39.413   0.000
  33.068   2.196   -10.553   33.068   2.196   -10.553   0.000
  -6.712   9.645   -14.243   -6.712   9.645   -14.243   0.000
  29.493   24.069   -30.064   29.493   24.069   -30.064   0.000
  -22.456   20.138   -23.380   -22.456   20.138   -23.380   0.000
  53.629   -13.025   -33.625   53.629   -13.025   -33.625   0.000
  44.123   -8.781   -49.287   44.123   -8.781   -49.287   0.000
  1.576   41.195   -31.265   1.576   41.195   -31.265   0.000
  45.355   24.525   -20.340   45.355   24.525   -20.340   0.000
  53.616   18.464   -18.793   53.616   18.464   -18.793   0.000
  29.944   -11.830   -27.256   29.944   -11.830   -27.256   0.000
  -24.038   27.680   -44.816   -24.038   27.680   -44.816   0.000
  -3.770   40.419   -26.834   -3.770   40.419   -26.834   0.000
  -32.688   -29.855   -55.013   -32.688   -29.855   -55.013   0.000
  8.941   35.937   -38.025   8.941   35.937   -38.025   0.000
  39.309   28.010   -29.574   39.309   28.010   -29.574   0.000
  -3.715   -13.529   -34.529   -3.715   -13.529   -34.529   0.000
  -46.957   -23.695   -69.810   -46.957   -23.695   -69.810   0.000
  -32.884   3.513   -54.115   -32.884   3.513   -54.115   0.000
  48.466   -11.800   -20.133   48.466   -11.800   -20.133   0.000