75,PA4-F-Output.txt,0
  11.989   12.643   -19.522   11.989   12.643   -19.522   0.000
  21.896   6.721   -5.487   21.896   6.721   -5.487   0.000
  -38.455   -22.616   -52.336   -38.455   -22.616   -52.336   0.000
  -28.072   -1.538   -28.237   -28.072   -1.538   -28.237   0.000
  53.004   8.914   -36.520   53.004   8.914   -36.520   0.000
  -10.784   12.785   -19.976   -10.784   12.785   -19.976   0.000
  29.963   11.377   -46.929   29.963   11.377   -46.929   0.000
  -30.065   -28.908   -47.544   -30.065   -28.908   -47.544   0.000
  -30.713   -31.702   -61.232   -30.713   -31.702   -61.232   0.000
  -13.525   -22.158   -61.787   -13.525   -22.158   -61.787   0.000
  -0.814   -8.182   -32.474   -0.814   -8.182   -32.474   0.000
  19.091   11.253   -45.787   19.091   11.253   -45.787   0.000
  53.507   -3.058   -28.861   53.507   -3.058   -28.861   0.000
  48.176   -10.217   -21.391   48.176   -10.217   -21.391   0.000
  -1.914   43.028   -30.318   -1.914   43.028   -30.318   0.000
  -34.815   -31.422   -55.266   -34.815   -31.422   -55.266   0.000
  -2.812   5.610   -25.992   -2.812   5.610   -25.992   0.000
  26.385   -15.312   -29.080   26.385   -15.312   -29.080   0.000
  38.002   20.430   -41.742   38.002   20.430   -41.742   0.000
  40.428   7.655   -5.187   40.428   7.655   -5.187   0.000
  -15.081   -29.098   -43.962   -15.081   -29.098   -43.962   0.000
  -15.575   -20.430   -56.798   -15.575   -20.430   -56.798   0.000
  -3.437   12.762   -25.249   -3.437   12.762   -25.249   0.000
  3.416   35.110   -30.397   3.416   35.110   -30.397   0.000
  -26.596   12.214   -20.465   -26.596   12.214   -20.465   0.000
  6.493   33.448   -38.810   6.493   33.448   -38.810   0.000
  32.222   26.391   -31.443   32.222   26.391   -31.443   0.000
  29.413   26.582   -27.229   29.413   26.582   -27.229   0.000
  -25.104   -27.126   -78.647   -25.104   -27.126   -78.647   0.000
  13.395   16.691   -22.701   13.395   16.691   -22.701   0.000
  -14.875   -1.037   -27.021   -14.875   -1.037   -27.021   0.000
  44.486   -5.815   -42.688   44.486   -5.815   -42.688   0.000
  23.732   22.148   -24.063   23.732   22.148   -24.063   0.000
  37.638   -4.384   -4.649   37.638   -4.384   -4.649   0.000
  -19.811   -24.720   -59.582   -19.811   -24.720   -59.582   0.000
  31.895   -11.171   -40.977   31.895   -11.171   -40.977   0.000
  24.017   21.956   -19.576   24.017   21.956   -19.576   0.000
  -6.454   -4.837   -59.371   -6.454   -4.837   -59.371   0.000
  -2.616   26.123   -50.989   -2.616   26.123   -50.989   0.000
  55.000   -2.004   -28.581   55.000   -2.004   -28.581   0.000
  23.238   -6.747   -8.690   23.238   -6.747   -8.690   0.000
  -13.923   12.106   -56.064   -13.923   12.106   -56.064   0.000
  -31.318   2.174   -64.625   -31.318   2.174   -64.625   0.000
  -8.745   42.564   -35.479   -8.745   42.564   -35.479   0.000
  28.541   25.466   -32.490   28.541   25.466   -32.490   0.000
  8.457   17.981   -47.907   8.457   17.981   -47.907   0.000
  -40.105   -9.282   -43.168   -40.105   -9.282   -43.168   0.000
  -32.128   18.270   -46.900   -32.128   18.270   -46.900   0.000
  39.842   -12.765   -39.683   39.842   -12.765   -39.683   0.000
  -31.263   28.205   -39.134   -31.263   28.205   -39.134   0.000
  -24.629   23.139   -20.433   -24.629   23.139   -20.433   0.000
  -38.966   -35.963   -63.567   -38.966   -35.963   -63.567   0.000
  0.320   36.717   -22.586   0.320   36.717   -22.586   0.000
  -6.381   -3.642   -58.461   -6.381   -3.642   -58.461   0.000
  19.502   23.523   -32.466   19.502   23.523   -32.466   0.000
  16.867   23.295   -37.781   16.867   23.295   -37.781   0.000
  -28.098   -29.187   -44.542   -28.098   -29.187   -44.542   0.000
  -32.457   10.470   -59.290   -32.457   10.470   -59.290   0.000
  -20.340   -3.177   -25.147   -20.340   -3.177   -25.147   0.000
  -32.771   -13.272   -41.695   -32.771   -13.272   -41.695   0.000
  -12.045   30.886   -49.757   -12.045   30.886   -49.757   0.000
  -12.769   19.182   -53.715   -12.769   19.182   -53.715   0.000
  -12.063   -21.848   -34.177   -12.063   -21.848   -34.177   0.000
  53.791   10.150   -16.944   53.791   10.150   -16.944   0.000
  -3.590   -3.023   -29.342   -3.590   -3.023   -29.342   0.000
  22.897   -6.929   -9.067   22.897   -6.929   -9.067   0.000
  -14.316   -0.342   -62.027   -14.316   -0.342   -62.027   0.000
  -40.650   -20.622   -53.017   -40.650   -20.622   -53.017   0.000
  54.254   4.404   -33.748   54.254   4.404   -33.748   0.000
  -6.952   -3.096   -30.192   -6.952   -3.096   -30.192   0.000
  -26.481   -30.004   -76.606   -26.481   -30.004   -76.606   0.000
  35.885   19.007   -42.605   35.885   19.007   -42.605   0.000
  -50.026   -14.487   -61.233   -50.026   -14.487   -61.233   0.000
  32.550   22.726   -38.831   32.550   22.726   -38.831   0.000
  42.260   1.770   -46.599   42.260   1.770   -46.599   0.000